71, 171, 403, 404, 149, 8, 16, 16
41, 3, 3, 28, 13
11, 19, 82, 205, 16, 49, 90
21, 100, 19, 48, 71, 1
19, 35, 5, 103, 65
17, 3, 150, 5, 25, 151, 108
41, 3, 3, 13, 28
28, 3, 3, 41, 13
42, 56, 56, 19, 5
103, 35, 65, 5, 19
14, 430, 17, 70, 116
1831, 5877, 13, 3431, 107, 35, 864, 685, 242
55, 216, 25, 370, 185, 19, 59
19, 59, 55, 370, 216, 25, 185
17, 151, 3, 108, 25, 5, 150
1217, 1617, 139, 16, 5810, 52, 12, 451
430, 70, 116, 17, 14
189, 11, 88, 24, 3, 5, 23
16, 139, 12, 1617, 5810, 1217, 451, 52
1, 2, 35, 13, 68
124, 51, 4, 239, 76, 35, 25
11, 5, 3, 88, 23, 24, 189
1, 71, 48, 100, 19, 21
850, 151, 409, 1047, 44, 2, 104, 22
35, 25, 51, 239, 124, 4, 76
16, 16, 171, 403, 404, 8, 71, 149
71, 16, 16, 404, 171, 403, 149, 8
145, 14, 6, 1551, 1992, 305, 426, 59
23, 11, 3, 5, 24, 189, 88
